      1.0000000     -1.7253420    0.070620889    0.077454903     0.89258088      5598464.0
      1.1000000     -1.7060123     0.10110214     0.12265247     0.86817979      15133488.
      1.2000000     -1.6168719     0.16562739     0.22242911     0.85759042      25070132.
      1.3000000     -1.6318352     0.20269549     0.39255131     0.84214267      40482063.
      1.4000000     -1.6696512     0.22052108     0.28440811     0.86739177      55331619.
      1.5000000     -1.6285379     0.37647509      1.0944422     0.81459704      78779769.
      1.6000000     -1.5708309     0.37179110     0.83016888     0.79711775  1.0681730E+08
      1.7000000     -1.5731067     0.44310280     0.94364674     0.81910329  1.3602649E+08
      1.8000000     -1.5352390     0.49869524     0.57798634     0.78107740  1.7436288E+08
      1.9000000     -1.4662000     0.62929494      2.7408289     0.69352312  2.2543910E+08
      2.0000000     -1.4619938     0.73647053      1.4493186     0.71355313  2.8114922E+08
      2.1000000     -1.3397869     0.83491495      6.4091752     0.47409665  3.5850998E+08
      2.2000000     -1.1639930     0.84438194      6.2135061     0.35886418  4.5744836E+08
      2.3000000     -1.1402073      1.0121134      6.2751224     0.40894328  5.6391175E+08
